0 0.26802884615384615 0.3168674698795181 0.06490384615384616 0.0891566265060241
0 0.21514423076923078 0.3156626506024096 0.055288461538461536 0.07228915662650602
0 0.5108173076923077 0.3349397590361446 0.06971153846153846 0.08674698795180723
0 0.7151442307692307 0.3132530120481928 0.07932692307692307 0.10120481927710843
0 0.41466346153846156 0.3204819277108434 0.06971153846153846 0.09156626506024096
0 0.36778846153846156 0.3301204819277108 0.04807692307692308 0.0819277108433735
2 0.06490384615384616 0.5024096385542168 0.12980769230769232 0.5469879518072289
2 0.734375 0.5253012048192771 0.12259615384615384 0.5253012048192771
2 0.5288461538461539 0.5409638554216868 0.125 0.4939759036144578
2 0.3786057692307692 0.5578313253012048 0.18509615384615385 0.5518072289156627
2 0.2548076923076923 0.491566265060241 0.1201923076923077 0.42891566265060244
2 0.19471153846153846 0.4783132530120482 0.10576923076923077 0.3927710843373494
0 0.2668269230769231 0.03132530120481928 0.0673076923076923 0.06265060240963856
0 0.21394230769230768 0.027710843373493974 0.057692307692307696 0.05542168674698795
0 0.5096153846153846 0.021686746987951807 0.07211538461538461 0.043373493975903614
0 0.7139423076923077 0.03614457831325301 0.08173076923076923 0.07228915662650602
0 0.41346153846153844 0.030120481927710843 0.07211538461538461 0.060240963855421686
0 0.36899038461538464 0.02289156626506024 0.05048076923076923 0.04578313253012048
2 0.7331730769230769 0.9397590361445783 0.125 0.11566265060240964
2 0.5300480769230769 0.9397590361445783 0.12740384615384615 0.11566265060240964
2 0.37740384615384615 0.9168674698795181 0.1875 0.1614457831325301
