1 0.27403846153846156 0.39397590361445783 0.07211538461538461 0.08433734939759036
1 0.7920673076923077 0.372289156626506 0.07451923076923077 0.08433734939759036
1 0.171875 0.4108433734939759 0.07451923076923077 0.07951807228915662
1 0.4074519230769231 0.3891566265060241 0.06971153846153846 0.0746987951807229
1 0.6382211538461539 0.39036144578313253 0.06490384615384616 0.07710843373493977
1 0.03245192307692308 0.4 0.05048076923076923 0.06265060240963856
1 0.953125 0.38313253012048193 0.05048076923076923 0.05301204819277108
1 0.125 0.40602409638554215 0.03365384615384615 0.05060240963855422
1 0.27403846153846156 0.046987951807228916 0.07211538461538461 0.08433734939759036
1 0.7920673076923077 0.06867469879518072 0.07451923076923077 0.08433734939759036
1 0.17067307692307693 0.03493975903614458 0.07692307692307693 0.06987951807228916
1 0.4074519230769231 0.051807228915662654 0.06971153846153846 0.0746987951807229
1 0.6382211538461539 0.04819277108433735 0.06490384615384616 0.07710843373493977
1 0.03245192307692308 0.03855421686746988 0.05048076923076923 0.06265060240963856
1 0.953125 0.05542168674698795 0.05048076923076923 0.05301204819277108
1 0.125 0.03493975903614458 0.03365384615384615 0.05060240963855422
