0 0.5240384615384616 0.703125 0.038461538461538464 0.036057692307692304
0 0.5793269230769231 0.6875 0.03365384615384615 0.038461538461538464
0 0.6430288461538461 0.6971153846153846 0.040865384615384616 0.04807692307692308
1 0.6826923076923077 0.7632211538461539 0.057692307692307696 0.05048076923076923
2 0.6850961538461539 0.78125 0.1346153846153846 0.09134615384615384
2 0.5096153846153846 0.7524038461538461 0.0673076923076923 0.14903846153846154
2 0.5769230769230769 0.7475961538461539 0.07692307692307693 0.15865384615384615
2 0.6490384615384616 0.7439903846153846 0.07211538461538461 0.13221153846153846
0 0.5240384615384616 0.9579326923076923 0.038461538461538464 0.036057692307692304
0 0.5793269230769231 0.9711538461538461 0.03365384615384615 0.038461538461538464
0 0.6430288461538461 0.9615384615384616 0.040865384615384616 0.04807692307692308
1 0.6826923076923077 0.8978365384615384 0.057692307692307696 0.05048076923076923
2 0.6850961538461539 0.8774038461538461 0.1346153846153846 0.09134615384615384
2 0.5096153846153846 0.90625 0.0673076923076923 0.14903846153846154
2 0.5769230769230769 0.9110576923076923 0.07692307692307693 0.15865384615384615
2 0.6490384615384616 0.9170673076923077 0.07211538461538461 0.13221153846153846
