0 0.7055288461538461 0.26144578313253014 0.12259615384615384 0.1710843373493976
0 0.3137019230769231 0.2433734939759036 0.11778846153846154 0.1493975903614458
2 0.29927884615384615 0.4963855421686747 0.3004807692307692 0.655421686746988
2 0.7103365384615384 0.5060240963855421 0.2283653846153846 0.6457831325301204
2 0.12980769230769232 0.5012048192771085 0.13942307692307693 0.3325301204819277
0 0.7043269230769231 0.07951807228915662 0.125 0.15903614457831325
0 0.3137019230769231 0.0891566265060241 0.11778846153846154 0.1493975903614458
2 0.2980769230769231 0.08313253012048193 0.30288461538461536 0.16626506024096385
2 0.2980769230769231 0.9204819277108434 0.30288461538461536 0.15421686746987953
2 0.7091346153846154 0.07590361445783132 0.23076923076923078 0.15180722891566265
2 0.7091346153846154 0.9180722891566265 0.23076923076923078 0.15903614457831325
