0 0.10697115384615384 0.4674698795180723 0.06971153846153846 0.0819277108433735
0 0.16947115384615385 0.42048192771084336 0.05048076923076923 0.06987951807228916
0 0.23076923076923078 0.4542168674698795 0.057692307692307696 0.07951807228915662
0 0.4074519230769231 0.45903614457831327 0.06490384615384616 0.0891566265060241
0 0.21033653846153846 0.37710843373493974 0.055288461538461536 0.060240963855421686
0 0.24639423076923078 0.3397590361445783 0.055288461538461536 0.05783132530120482
0 0.3076923076923077 0.3385542168674699 0.04807692307692308 0.060240963855421686
0 0.46875 0.3060240963855422 0.04807692307692308 0.05783132530120482
0 0.49759615384615385 0.3686746987951807 0.04807692307692308 0.07710843373493977
0 0.5192307692307693 0.44216867469879517 0.057692307692307696 0.07951807228915662
0 0.5721153846153846 0.4783132530120482 0.0673076923076923 0.0891566265060241
0 0.5697115384615384 0.3265060240963855 0.052884615384615384 0.06987951807228916
0 0.7403846153846154 0.45542168674698796 0.057692307692307696 0.07228915662650602
0 0.6971153846153846 0.40240963855421685 0.052884615384615384 0.06265060240963856
0 0.8918269230769231 0.4807228915662651 0.08173076923076923 0.09879518072289156
2 0.08653846153846154 0.6313253012048192 0.14423076923076922 0.39518072289156625
2 0.234375 0.6228915662650603 0.14182692307692307 0.41686746987951806
2 0.4074519230769231 0.6228915662650603 0.18990384615384615 0.41686746987951806
2 0.578125 0.6265060240963856 0.15625 0.4
2 0.6983173076923077 0.6349397590361445 0.13701923076923078 0.3927710843373494
2 0.7728365384615384 0.6228915662650603 0.12259615384615384 0.4072289156626506
2 0.9014423076923077 0.6289156626506024 0.1875 0.40481927710843374
2 0.16466346153846154 0.4578313253012048 0.0985576923076923 0.14457831325301204
2 0.30288461538461536 0.4807228915662651 0.10576923076923077 0.13734939759036144
2 0.5240384615384616 0.4807228915662651 0.12980769230769232 0.15180722891566265
2 0.7091346153846154 0.4566265060240964 0.16346153846153846 0.1614457831325301
2 0.35096153846153844 0.39518072289156625 0.09134615384615384 0.11566265060240964
2 0.49399038461538464 0.40963855421686746 0.12259615384615384 0.14457831325301204
2 0.5805288461538461 0.372289156626506 0.11778846153846154 0.1710843373493976
2 0.4675480769230769 0.344578313253012 0.10817307692307693 0.13493975903614458
2 0.3088942307692308 0.35542168674698793 0.06971153846153846 0.09879518072289156
2 0.24158653846153846 0.3614457831325301 0.06971153846153846 0.0963855421686747
2 0.20192307692307693 0.39397590361445783 0.0625 0.09879518072289156
0 0.24519230769230768 0.012048192771084338 0.057692307692307696 0.024096385542168676
0 0.3088942307692308 0.01325301204819277 0.05048076923076923 0.02650602409638554
0 0.4699519230769231 0.02891566265060241 0.05048076923076923 0.05783132530120482
0 0.5709134615384616 0.021686746987951807 0.055288461538461536 0.043373493975903614
2 0.08774038461538461 0.9180722891566265 0.1466346153846154 0.15903614457831325
2 0.23317307692307693 0.9168674698795181 0.14423076923076922 0.1614457831325301
2 0.40625 0.9168674698795181 0.19230769230769232 0.1614457831325301
2 0.5769230769230769 0.9192771084337349 0.15865384615384615 0.1566265060240964
2 0.6971153846153846 0.9168674698795181 0.13942307692307693 0.1614457831325301
2 0.7716346153846154 0.9192771084337349 0.125 0.1566265060240964
2 0.9026442307692307 0.9168674698795181 0.18990384615384615 0.1614457831325301
2 0.5793269230769231 0.024096385542168676 0.1201923076923077 0.04819277108433735
2 0.46634615384615385 0.02891566265060241 0.11057692307692307 0.05783132530120482
2 0.3076923076923077 0.014457831325301205 0.07211538461538461 0.02891566265060241
2 0.2403846153846154 0.010843373493975903 0.07211538461538461 0.021686746987951807
