0 0.0625 0.27590361445783135 0.07211538461538461 0.10361445783132531
0 0.3088942307692308 0.3313253012048193 0.07451923076923077 0.09879518072289156
0 0.21153846153846154 0.30843373493975906 0.07211538461538461 0.10120481927710843
0 0.44350961538461536 0.363855421686747 0.0889423076923077 0.11566265060240964
0 0.6418269230769231 0.3349397590361446 0.057692307692307696 0.0819277108433735
1 0.5949519230769231 0.30481927710843376 0.07451923076923077 0.08433734939759036
2 0.07692307692307693 0.5084337349397591 0.15384615384615385 0.5542168674698795
2 0.20673076923076922 0.516867469879518 0.12980769230769232 0.5132530120481927
2 0.3245192307692308 0.5337349397590362 0.12980769230769232 0.4987951807228916
2 0.45913461538461536 0.5156626506024097 0.14903846153846154 0.41927710843373495
2 0.5985576923076923 0.43132530120481927 0.13942307692307693 0.3228915662650602
2 0.6658653846153846 0.4072289156626506 0.09615384615384616 0.21686746987951808
0 0.0625 0.05421686746987952 0.07211538461538461 0.10361445783132531
0 0.3076923076923077 0.024096385542168676 0.07692307692307693 0.04819277108433735
0 0.2127403846153846 0.03614457831325301 0.07451923076923077 0.07228915662650602
0 0.4423076923076923 0.012048192771084338 0.09134615384615384 0.024096385542168676
0 0.6430288461538461 0.018072289156626505 0.06009615384615385 0.03614457831325301
1 0.59375 0.033734939759036145 0.07692307692307693 0.06746987951807229
2 0.32572115384615385 0.944578313253012 0.13221153846153846 0.10602409638554217
