0 0.7932692307692307 0.4098557692307692 0.12980769230769232 0.1466346153846154
0 0.3737980769230769 0.3545673076923077 0.03125 0.036057692307692304
0 0.5264423076923077 0.4026442307692308 0.02403846153846154 0.03125
0 0.46634615384615385 0.39302884615384615 0.019230769230769232 0.021634615384615384
0 0.421875 0.39302884615384615 0.021634615384615384 0.021634615384615384
2 0.796875 0.5853365384615384 0.15144230769230768 0.49759615384615385
2 0.3786057692307692 0.4182692307692308 0.055288461538461536 0.1778846153846154
2 0.5204326923076923 0.4483173076923077 0.05048076923076923 0.11778846153846154
2 0.46153846153846156 0.4266826923076923 0.038461538461538464 0.09375
2 0.4170673076923077 0.42908653846153844 0.03125 0.09375
2 0.7956730769230769 0.9182692307692307 0.15384615384615385 0.15865384615384615
