0 0.30528846153846156 0.3566265060240964 0.16826923076923078 0.20240963855421687
0 0.6899038461538461 0.3385542168674699 0.1778846153846154 0.17590361445783131
0 0.5096153846153846 0.3325301204819277 0.11538461538461539 0.15421686746987953
0 0.9387019230769231 0.35903614457831323 0.021634615384615384 0.01927710843373494
2 0.21875 0.5421686746987951 0.4326923076923077 0.563855421686747
2 0.8016826923076923 0.5433734939759036 0.3918269230769231 0.5614457831325301
2 0.5420673076923077 0.4867469879518072 0.2283653846153846 0.4433734939759036
0 0.30649038461538464 0.046987951807228916 0.17067307692307693 0.09397590361445783
0 0.6911057692307693 0.04939759036144578 0.18028846153846154 0.09879518072289156
0 0.5108173076923077 0.046987951807228916 0.11778846153846154 0.09397590361445783
2 0.21995192307692307 0.9132530120481928 0.43509615384615385 0.1686746987951807
2 0.8004807692307693 0.9132530120481928 0.3942307692307692 0.1686746987951807
