0 0.3401442307692308 0.3173076923076923 0.1466346153846154 0.1778846153846154
0 0.75 0.41947115384615385 0.0673076923076923 0.07932692307692307
0 0.4519230769230769 0.453125 0.0673076923076923 0.08413461538461539
0 0.6742788461538461 0.49158653846153844 0.055288461538461536 0.06971153846153846
0 0.1141826923076923 0.49158653846153844 0.040865384615384616 0.05048076923076923
0 0.5288461538461539 0.5060096153846154 0.038461538461538464 0.04567307692307692
0 0.6201923076923077 0.5096153846153846 0.03365384615384615 0.038461538461538464
2 0.12860576923076922 0.5853365384615384 0.11778846153846154 0.23798076923076922
2 0.8028846153846154 0.6057692307692307 0.1778846153846154 0.44711538461538464
2 0.6778846153846154 0.6057692307692307 0.08653846153846154 0.30288461538461536
2 0.6189903846153846 0.5757211538461539 0.05048076923076923 0.1658653846153846
2 0.5300480769230769 0.6045673076923077 0.06971153846153846 0.23798076923076922
2 0.4519230769230769 0.6213942307692307 0.09615384615384616 0.4206730769230769
2 0.296875 0.5240384615384616 0.23798076923076922 0.6057692307692307
0 0.3389423076923077 0.05048076923076923 0.14903846153846154 0.10096153846153846
2 0.8040865384615384 0.9170673076923077 0.18028846153846154 0.16105769230769232
2 0.6790865384615384 0.953125 0.0889423076923077 0.0889423076923077
2 0.5288461538461539 0.9699519230769231 0.07211538461538461 0.055288461538461536
2 0.453125 0.9158653846153846 0.0985576923076923 0.16346153846153846
2 0.2956730769230769 0.9182692307692307 0.2403846153846154 0.15865384615384615
