0 0.47716346153846156 0.4987951807228916 0.11778846153846154 0.10602409638554217
0 0.39663461538461536 0.38433734939759034 0.08173076923076923 0.07951807228915662
0 0.8377403846153846 0.45180722891566266 0.06009615384615385 0.07951807228915662
0 0.6310096153846154 0.5783132530120482 0.14182692307692307 0.12530120481927712
0 0.7439903846153846 0.4807228915662651 0.06971153846153846 0.0746987951807229
0 0.4891826923076923 0.4542168674698795 0.09375 0.05542168674698795
0 0.2668269230769231 0.40240963855421685 0.0673076923076923 0.06265060240963856
2 0.7848557692307693 0.5542168674698795 0.1658653846153846 0.2891566265060241
2 0.6887019230769231 0.4987951807228916 0.19471153846153846 0.13493975903614458
2 0.5480769230769231 0.6662650602409639 0.3557692307692308 0.26265060240963856
2 0.23677884615384615 0.572289156626506 0.14182692307692307 0.42168674698795183
2 0.3641826923076923 0.5421686746987951 0.11298076923076923 0.40481927710843374
2 0.4567307692307692 0.6096385542168675 0.16826923076923078 0.3180722891566265
2 0.5492788461538461 0.9313253012048193 0.3581730769230769 0.13253012048192772
2 0.23557692307692307 0.9385542168674699 0.14423076923076922 0.1180722891566265
2 0.3629807692307692 0.9578313253012049 0.11538461538461539 0.07951807228915662
2 0.4579326923076923 0.9457831325301205 0.17067307692307693 0.10361445783132531
