0 0.4411057692307692 0.36899038461538464 0.11778846153846154 0.14182692307692307
0 0.5985576923076923 0.3954326923076923 0.08173076923076923 0.0985576923076923
0 0.8064903846153846 0.3425480769230769 0.08413461538461539 0.11298076923076923
0 0.0829326923076923 0.4170673076923077 0.0985576923076923 0.11778846153846154
0 0.20432692307692307 0.4110576923076923 0.09134615384615384 0.11538461538461539
0 0.7379807692307693 0.3317307692307692 0.11538461538461539 0.13942307692307693
0 0.5300480769230769 0.41225961538461536 0.06490384615384616 0.07451923076923077
0 0.37740384615384615 0.38461538461538464 0.08653846153846154 0.11538461538461539
0 0.9266826923076923 0.22956730769230768 0.14182692307692307 0.12259615384615384
2 0.0733173076923077 0.59375 0.13701923076923078 0.4567307692307692
2 0.21875 0.5925480769230769 0.14423076923076922 0.4639423076923077
2 0.35216346153846156 0.5805288461538461 0.13221153846153846 0.49278846153846156
2 0.4387019230769231 0.5673076923076923 0.31971153846153844 0.5192307692307693
2 0.6310096153846154 0.5865384615384616 0.12259615384615384 0.47596153846153844
2 0.7788461538461539 0.5480769230769231 0.22115384615384615 0.5576923076923077
2 0.9266826923076923 0.49759615384615385 0.14182692307692307 0.6586538461538461
0 0.43990384615384615 0.018028846153846152 0.1201923076923077 0.036057692307692304
0 0.8052884615384616 0.02403846153846154 0.08653846153846154 0.04807692307692308
0 0.7391826923076923 0.036057692307692304 0.11778846153846154 0.07211538461538461
0 0.9266826923076923 0.1045673076923077 0.14182692307692307 0.12259615384615384
2 0.07211538461538461 0.9170673076923077 0.13942307692307693 0.16105769230769232
2 0.21995192307692307 0.9158653846153846 0.1466346153846154 0.16346153846153846
2 0.35096153846153844 0.9146634615384616 0.1346153846153846 0.1658653846153846
2 0.4375 0.9146634615384616 0.32211538461538464 0.1658653846153846
2 0.6298076923076923 0.9158653846153846 0.125 0.16346153846153846
2 0.7800480769230769 0.9146634615384616 0.22355769230769232 0.1658653846153846
2 0.9254807692307693 0.0829326923076923 0.14423076923076922 0.1658653846153846
2 0.9254807692307693 0.9146634615384616 0.14423076923076922 0.1658653846153846
