0 0.08533653846153846 0.3421686746987952 0.07451923076923077 0.08674698795180723
0 0.41586538461538464 0.327710843373494 0.11057692307692307 0.13012048192771083
0 0.25961538461538464 0.3265060240963855 0.04807692307692308 0.060240963855421686
0 0.5661057692307693 0.3385542168674699 0.04567307692307692 0.06506024096385542
0 0.13221153846153846 0.43373493975903615 0.052884615384615384 0.06746987951807229
0 0.30288461538461536 0.3228915662650602 0.03365384615384615 0.04819277108433735
0 0.08413461538461539 0.018072289156626505 0.07692307692307693 0.03614457831325301
0 0.4170673076923077 0.03614457831325301 0.11298076923076923 0.07228915662650602
0 0.2608173076923077 0.01927710843373494 0.05048076923076923 0.03855421686746988
0 0.5649038461538461 0.014457831325301205 0.04807692307692308 0.02891566265060241
0 0.30408653846153844 0.018072289156626505 0.036057692307692304 0.03614457831325301
