0 0.6189903846153846 0.3397590361445783 0.09375 0.10602409638554217
0 0.890625 0.3421686746987952 0.11778846153846154 0.13012048192771083
1 0.3449519230769231 0.3746987951807229 0.07932692307692307 0.09397590361445783
2 0.31850961538461536 0.5409638554216868 0.31490384615384615 0.42650602409638555
2 0.5132211538461539 0.5397590361445783 0.3629807692307692 0.4867469879518072
2 0.7572115384615384 0.5469879518072289 0.47596153846153844 0.5204819277108433
0 0.6177884615384616 0.04819277108433735 0.09615384615384616 0.0963855421686747
0 0.8894230769230769 0.05301204819277108 0.1201923076923077 0.10602409638554217
1 0.34375 0.027710843373493974 0.08173076923076923 0.05542168674698795
2 0.3173076923076923 0.9313253012048193 0.3173076923076923 0.13253012048192772
2 0.5120192307692307 0.9168674698795181 0.36538461538461536 0.1614457831325301
2 0.7584134615384616 0.9048192771084337 0.47836538461538464 0.1855421686746988
