0 0.1141826923076923 0.40024038461538464 0.19471153846153846 0.23798076923076922
0 0.8713942307692307 0.38100961538461536 0.24278846153846154 0.28125
0 0.6862980769230769 0.4206730769230769 0.12740384615384615 0.15384615384615385
0 0.46875 0.44350961538461536 0.3894230769230769 0.43990384615384615
2 0.11177884615384616 0.5757211538461539 0.21394230769230768 0.59375
2 0.5288461538461539 0.5516826923076923 0.9038461538461539 0.6418269230769231
2 0.8076923076923077 0.5108173076923077 0.375 0.5216346153846154
2 0.3317307692307692 0.32572115384615385 0.19230769230769232 0.39663461538461536
2 0.11057692307692307 0.9375 0.21634615384615385 0.1201923076923077
2 0.3329326923076923 0.0625 0.19471153846153846 0.125
