0 0.34615384615384615 0.3024096385542169 0.19230769230769232 0.20963855421686747
0 0.5240384615384616 0.44216867469879517 0.08653846153846154 0.0891566265060241
0 0.4050480769230769 0.42409638554216866 0.0985576923076923 0.12048192771084337
0 0.5709134615384616 0.5096385542168674 0.05048076923076923 0.05060240963855422
0 0.34134615384615385 0.4397590361445783 0.04326923076923077 0.03614457831325301
2 0.21875 0.5253012048192771 0.39903846153846156 0.6024096385542169
2 0.3737980769230769 0.5975903614457831 0.19951923076923078 0.4578313253012048
2 0.5552884615384616 0.5614457831325301 0.12980769230769232 0.1493975903614458
2 0.47836538461538464 0.5795180722891566 0.17307692307692307 0.363855421686747
0 0.3473557692307692 0.07349397590361446 0.19471153846153846 0.14698795180722893
2 0.21995192307692307 0.060240963855421686 0.4014423076923077 0.12048192771084337
2 0.21995192307692307 0.9156626506024096 0.4014423076923077 0.163855421686747
2 0.37259615384615385 0.9156626506024096 0.20192307692307693 0.163855421686747
2 0.4795673076923077 0.9481927710843373 0.17548076923076922 0.09879518072289156
