0 0.6706730769230769 0.4566265060240964 0.1201923076923077 0.1180722891566265
0 0.7752403846153846 0.21084337349397592 0.13221153846153846 0.13253012048192772
0 0.6514423076923077 0.5710843373493976 0.10576923076923077 0.11566265060240964
0 0.6887019230769231 0.7036144578313253 0.12740384615384615 0.13012048192771083
0 0.6213942307692307 0.22771084337349398 0.12259615384615384 0.14216867469879518
2 0.23798076923076922 0.4975903614457831 0.4519230769230769 0.7060240963855422
2 0.6262019230769231 0.7542168674698795 0.27163461538461536 0.20240963855421687
2 0.6370192307692307 0.5927710843373494 0.22115384615384615 0.1493975903614458
2 0.7992788461538461 0.6277108433734939 0.36778846153846156 0.44096385542168676
2 0.5300480769230769 0.3096385542168675 0.30528846153846156 0.3204819277108434
2 0.7235576923076923 0.27228915662650605 0.23076923076923078 0.26024096385542167
0 0.15745192307692307 0.21325301204819277 0.24759615384615385 0.13734939759036144
0 0.7752403846153846 0.07590361445783132 0.13221153846153846 0.13253012048192772
0 0.6875 0.9734939759036144 0.12980769230769232 0.04819277108433735
0 0.6201923076923077 0.06506024096385542 0.125 0.13012048192771083
2 0.23918269230769232 0.07108433734939759 0.4543269230769231 0.14216867469879518
2 0.625 0.9301204819277108 0.27403846153846156 0.13493975903614458
2 0.7980769230769231 0.9337349397590361 0.3701923076923077 0.12771084337349398
2 0.5288461538461539 0.06867469879518072 0.3076923076923077 0.13734939759036144
2 0.7247596153846154 0.07228915662650602 0.23317307692307693 0.14457831325301204
0 0.15745192307692307 0.07349397590361446 0.24759615384615385 0.13734939759036144
