0 0.8100961538461539 0.5373493975903615 0.057692307692307696 0.07228915662650602
0 0.04567307692307692 0.5072289156626506 0.04807692307692308 0.05542168674698795
0 0.11538461538461539 0.5156626506024097 0.03365384615384615 0.03855421686746988
0 0.25961538461538464 0.5253012048192771 0.038461538461538464 0.05301204819277108
0 0.5384615384615384 0.5289156626506024 0.04326923076923077 0.05060240963855422
0 0.3870192307692308 0.5337349397590362 0.04326923076923077 0.05060240963855422
0 0.7740384615384616 0.5433734939759036 0.03365384615384615 0.060240963855421686
0 0.43990384615384615 0.5253012048192771 0.04326923076923077 0.04819277108433735
0 0.3425480769230769 0.5325301204819277 0.036057692307692304 0.03855421686746988
0 0.30288461538461536 0.5277108433734939 0.02403846153846154 0.02891566265060241
