0 0.8413461538461539 0.3036144578313253 0.0625 0.07710843373493977
0 0.5528846153846154 0.2855421686746988 0.09615384615384616 0.14216867469879518
0 0.10216346153846154 0.3301204819277108 0.07932692307692307 0.0963855421686747
0 0.2956730769230769 0.28674698795180725 0.08653846153846154 0.10120481927710843
2 0.12259615384615384 0.463855421686747 0.16826923076923078 0.35903614457831323
2 0.28846153846153844 0.4746987951807229 0.1971153846153846 0.4674698795180723
2 0.6141826923076923 0.5060240963855421 0.30528846153846156 0.5590361445783133
2 0.8497596153846154 0.4710843373493976 0.15144230769230768 0.41686746987951806
0 0.8425480769230769 0.03493975903614458 0.06490384615384616 0.06987951807228916
0 0.5540865384615384 0.060240963855421686 0.0985576923076923 0.12048192771084337
0 0.10096153846153846 0.02650602409638554 0.08173076923076923 0.05301204819277108
0 0.296875 0.04939759036144578 0.0889423076923077 0.09879518072289156
2 0.28966346153846156 0.046987951807228916 0.19951923076923078 0.09397590361445783
2 0.6129807692307693 0.9397590361445783 0.3076923076923077 0.11566265060240964
