0 0.3737980769230769 0.49399038461538464 0.040865384615384616 0.055288461538461536
0 0.5180288461538461 0.49399038461538464 0.04567307692307692 0.06009615384615385
0 0.4855769230769231 0.48677884615384615 0.03365384615384615 0.06009615384615385
0 0.5901442307692307 0.49038461538461536 0.04567307692307692 0.0625
0 0.6959134615384616 0.4855769230769231 0.04567307692307692 0.0625
2 0.3605769230769231 0.6286057692307693 0.125 0.31971153846153844
2 0.5060096153846154 0.6394230769230769 0.11778846153846154 0.35096153846153844
2 0.6009615384615384 0.6298076923076923 0.08653846153846154 0.34134615384615385
2 0.7091346153846154 0.6274038461538461 0.12980769230769232 0.34134615384615385
2 0.46033653846153844 0.5625 0.06971153846153846 0.22115384615384615
