0 0.44350961538461536 0.45180722891566266 0.06009615384615385 0.07951807228915662
0 0.9302884615384616 0.536144578313253 0.0673076923076923 0.06506024096385542
0 0.14302884615384615 0.4530120481927711 0.04567307692307692 0.04819277108433735
0 0.5552884615384616 0.4578313253012048 0.057692307692307696 0.05301204819277108
0 0.7548076923076923 0.46987951807228917 0.028846153846153848 0.033734939759036145
0 0.7295673076923077 0.42771084337349397 0.021634615384615384 0.021686746987951807
0 0.31850961538461536 0.43132530120481927 0.05048076923076923 0.04819277108433735
0 0.2644230769230769 0.4759036144578313 0.04326923076923077 0.05542168674698795
0 0.4098557692307692 0.4566265060240964 0.026442307692307692 0.04096385542168675
0 0.609375 0.4433734939759036 0.03125 0.033734939759036145
0 0.3858173076923077 0.42168674698795183 0.021634615384615384 0.02891566265060241
0 0.5084134615384616 0.42650602409638555 0.021634615384615384 0.01927710843373494
1 0.07932692307692307 0.4566265060240964 0.04807692307692308 0.06506024096385542
1 0.6225961538461539 0.4650602409638554 0.04326923076923077 0.05301204819277108
1 0.4951923076923077 0.4506024096385542 0.028846153846153848 0.033734939759036145
2 0.9110576923076923 0.6481927710843374 0.16826923076923078 0.28433734939759037
2 0.7704326923076923 0.5445783132530121 0.06490384615384616 0.18313253012048192
2 0.7331730769230769 0.4759036144578313 0.04326923076923077 0.1180722891566265
1 0.7956730769230769 0.42891566265060244 0.014423076923076924 0.01927710843373494
2 0.8040865384615384 0.4469879518072289 0.040865384615384616 0.05542168674698795
2 0.6394230769230769 0.5855421686746988 0.08173076923076923 0.29397590361445786
2 0.45552884615384615 0.6228915662650603 0.15144230769230768 0.40240963855421685
2 0.08653846153846154 0.6024096385542169 0.13942307692307693 0.3614457831325301
2 0.15985576923076922 0.5578313253012048 0.0889423076923077 0.2385542168674699
2 0.2692307692307692 0.5951807228915663 0.08173076923076923 0.3036144578313253
2 0.33052884615384615 0.5590361445783133 0.07451923076923077 0.3036144578313253
2 0.38100961538461536 0.45542168674698796 0.040865384615384616 0.10120481927710843
2 0.5084134615384616 0.5036144578313253 0.06971153846153846 0.13012048192771083
2 0.5697115384615384 0.6048192771084338 0.08173076923076923 0.3421686746987952
2 0.6658653846153846 0.4650602409638554 0.04326923076923077 0.13012048192771083
2 0.6346153846153846 0.4036144578313253 0.038461538461538464 0.06987951807228916
0 0.6646634615384616 0.41204819277108434 0.016826923076923076 0.024096385542168676
0 0.6334134615384616 0.38072289156626504 0.021634615384615384 0.024096385542168676
2 0.9122596153846154 0.9373493975903614 0.17067307692307693 0.12048192771084337
2 0.640625 0.9662650602409638 0.08413461538461539 0.06265060240963856
2 0.4543269230769231 0.9204819277108434 0.15384615384615385 0.15421686746987953
2 0.08774038461538461 0.9409638554216867 0.14182692307692307 0.11325301204819277
2 0.2704326923076923 0.9590361445783132 0.08413461538461539 0.07710843373493977
2 0.5709134615384616 0.944578313253012 0.08413461538461539 0.10602409638554217
