0 0.7451923076923077 0.4362980769230769 0.15865384615384615 0.1466346153846154
0 0.515625 0.44350961538461536 0.0985576923076923 0.10336538461538461
0 0.4567307692307692 0.3016826923076923 0.10576923076923077 0.11298076923076923
0 0.20192307692307693 0.33052884615384615 0.10576923076923077 0.11298076923076923
2 0.3329326923076923 0.5901442307692307 0.1658653846153846 0.17548076923076922
1 0.28725961538461536 0.5360576923076923 0.06971153846153846 0.07211538461538461
2 0.7884615384615384 0.5588942307692307 0.36538461538461536 0.4014423076923077
2 0.5528846153846154 0.5204326923076923 0.1971153846153846 0.25721153846153844
2 0.5132211538461539 0.328125 0.23798076923076922 0.1658653846153846
2 0.23317307692307693 0.3858173076923077 0.3557692307692308 0.23317307692307693
0 0.4579326923076923 0.04447115384615385 0.10817307692307693 0.0889423076923077
0 0.203125 0.030048076923076924 0.10817307692307693 0.06009615384615385
2 0.7896634615384616 0.9495192307692307 0.36778846153846156 0.09615384615384616
2 0.5120192307692307 0.04447115384615385 0.2403846153846154 0.0889423076923077
2 0.234375 0.03245192307692308 0.3581730769230769 0.06490384615384616
