0 0.30528846153846156 0.2927710843373494 0.052884615384615384 0.060240963855421686
0 0.4375 0.26987951807228916 0.0625 0.05783132530120482
0 0.7632211538461539 0.22048192771084338 0.040865384615384616 0.04578313253012048
0 0.8810096153846154 0.28795180722891567 0.040865384615384616 0.04578313253012048
0 0.7608173076923077 0.44096385542168676 0.10336538461538461 0.12530120481927712
2 0.7211538461538461 0.5578313253012048 0.3076923076923077 0.3493975903614458
2 0.2824519230769231 0.3409638554216867 0.2091346153846154 0.17590361445783131
2 0.4519230769230769 0.3349397590361446 0.12980769230769232 0.1783132530120482
2 0.7548076923076923 0.29156626506024097 0.09615384615384616 0.1783132530120482
2 0.8689903846153846 0.3301204819277108 0.09375 0.13012048192771083
0 0.30528846153846156 0.04216867469879518 0.052884615384615384 0.060240963855421686
0 0.4375 0.06265060240963856 0.0625 0.05783132530120482
0 0.7632211538461539 0.1144578313253012 0.040865384615384616 0.04578313253012048
0 0.8810096153846154 0.046987951807228916 0.040865384615384616 0.04578313253012048
2 0.28125 0.04096385542168675 0.21153846153846154 0.0819277108433735
2 0.453125 0.04457831325301205 0.13221153846153846 0.0891566265060241
2 0.7560096153846154 0.06626506024096386 0.0985576923076923 0.13253012048192772
2 0.8677884615384616 0.03493975903614458 0.09615384615384616 0.06987951807228916
