0 0.42788461538461536 0.4 0.09615384615384616 0.10602409638554217
0 0.6670673076923077 0.43373493975903615 0.07451923076923077 0.09156626506024096
0 0.3233173076923077 0.3650602409638554 0.0985576923076923 0.1180722891566265
2 0.6730769230769231 0.6108433734939759 0.16826923076923078 0.44096385542168676
2 0.42427884615384615 0.5855421686746988 0.14182692307692307 0.4674698795180723
2 0.3004807692307692 0.5698795180722892 0.15384615384615385 0.5228915662650603
0 0.32211538461538464 0.014457831325301205 0.10096153846153846 0.02891566265060241
2 0.6742788461538461 0.9168674698795181 0.17067307692307693 0.1614457831325301
2 0.4230769230769231 0.9228915662650602 0.14423076923076922 0.1493975903614458
2 0.3016826923076923 0.9168674698795181 0.15625 0.1614457831325301
