0 0.078125 0.4519230769230769 0.016826923076923076 0.019230769230769232
0 0.44711538461538464 0.4362980769230769 0.019230769230769232 0.016826923076923076
0 0.5120192307692307 0.4987980769230769 0.02403846153846154 0.021634615384615384
0 0.8100961538461539 0.5132211538461539 0.028846153846153848 0.036057692307692304
0 0.9338942307692307 0.5192307692307693 0.036057692307692304 0.03365384615384615
0 0.6754807692307693 0.44711538461538464 0.014423076923076924 0.014423076923076924
0 0.6634615384615384 0.43990384615384615 0.014423076923076924 0.014423076923076924
0 0.25240384615384615 0.40384615384615385 0.009615384615384616 0.014423076923076924
0 0.23798076923076922 0.41225961538461536 0.009615384615384616 0.01201923076923077
2 0.07211538461538461 0.49038461538461536 0.038461538461538464 0.09134615384615384
2 0.23798076923076922 0.4326923076923077 0.014423076923076924 0.057692307692307696
2 0.25600961538461536 0.4254807692307692 0.016826923076923076 0.04807692307692308
2 0.5144230769230769 0.5528846153846154 0.038461538461538464 0.1346153846153846
2 0.4411057692307692 0.45913461538461536 0.03125 0.0673076923076923
2 0.6826923076923077 0.4855769230769231 0.028846153846153848 0.09134615384615384
2 0.6610576923076923 0.4723557692307692 0.019230769230769232 0.07932692307692307
2 0.8076923076923077 0.5793269230769231 0.07211538461538461 0.15384615384615385
2 0.9423076923076923 0.6069711538461539 0.10096153846153846 0.19951923076923078
0 0.078125 0.125 0.016826923076923076 0.019230769230769232
0 0.078125 0.9615384615384616 0.016826923076923076 0.019230769230769232
0 0.44711538461538464 0.14302884615384615 0.019230769230769232 0.016826923076923076
0 0.44711538461538464 0.9795673076923077 0.019230769230769232 0.016826923076923076
0 0.5120192307692307 0.08052884615384616 0.02403846153846154 0.021634615384615384
0 0.5120192307692307 0.9170673076923077 0.02403846153846154 0.021634615384615384
0 0.8100961538461539 0.06610576923076923 0.028846153846153848 0.036057692307692304
0 0.8100961538461539 0.9026442307692307 0.028846153846153848 0.036057692307692304
0 0.9338942307692307 0.057692307692307696 0.036057692307692304 0.03365384615384615
0 0.9338942307692307 0.8942307692307693 0.036057692307692304 0.03365384615384615
0 0.6754807692307693 0.12980769230769232 0.014423076923076924 0.014423076923076924
0 0.6754807692307693 0.9663461538461539 0.014423076923076924 0.014423076923076924
0 0.6634615384615384 0.13701923076923078 0.014423076923076924 0.014423076923076924
0 0.6634615384615384 0.9735576923076923 0.014423076923076924 0.014423076923076924
0 0.25240384615384615 0.17307692307692307 0.009615384615384616 0.014423076923076924
0 0.23798076923076922 0.16706730769230768 0.009615384615384616 0.01201923076923077
0 0.23918269230769232 0.9963942307692307 0.01201923076923077 0.002403846153846154
2 0.07211538461538461 0.08653846153846154 0.038461538461538464 0.09134615384615384
2 0.07211538461538461 0.9230769230769231 0.038461538461538464 0.09134615384615384
2 0.23798076923076922 0.14423076923076922 0.014423076923076924 0.057692307692307696
2 0.23918269230769232 0.9747596153846154 0.016826923076923076 0.04567307692307692
2 0.25600961538461536 0.15144230769230768 0.016826923076923076 0.04807692307692308
2 0.2548076923076923 0.9807692307692307 0.019230769230769232 0.03365384615384615
2 0.515625 0.046875 0.040865384615384616 0.09375
2 0.5144230769230769 0.8605769230769231 0.038461538461538464 0.1346153846153846
2 0.4411057692307692 0.11778846153846154 0.03125 0.0673076923076923
2 0.4411057692307692 0.9543269230769231 0.03125 0.0673076923076923
2 0.6826923076923077 0.09134615384615384 0.028846153846153848 0.09134615384615384
2 0.6826923076923077 0.9278846153846154 0.028846153846153848 0.09134615384615384
2 0.6610576923076923 0.10697115384615384 0.019230769230769232 0.07932692307692307
2 0.6610576923076923 0.9435096153846154 0.019230769230769232 0.07932692307692307
2 0.8088942307692307 0.038461538461538464 0.07451923076923077 0.07692307692307693
2 0.8076923076923077 0.8341346153846154 0.07211538461538461 0.15384615384615385
2 0.9435096153846154 0.036057692307692304 0.10336538461538461 0.07211538461538461
2 0.9423076923076923 0.8088942307692307 0.10096153846153846 0.19951923076923078
