0 0.25961538461538464 0.40602409638554215 0.08173076923076923 0.09879518072289156
0 0.7944711538461539 0.363855421686747 0.06971153846153846 0.07228915662650602
0 0.4050480769230769 0.3457831325301205 0.05048076923076923 0.0746987951807229
0 0.08533653846153846 0.30481927710843376 0.04567307692307692 0.06506024096385542
2 0.078125 0.42289156626506025 0.11778846153846154 0.3349397590361446
2 0.27283653846153844 0.5445783132530121 0.31490384615384615 0.39036144578313253
2 0.38221153846153844 0.4795180722891566 0.10576923076923077 0.3614457831325301
2 0.7944711538461539 0.555421686746988 0.24759615384615385 0.45542168674698796
0 0.40384615384615385 0.01566265060240964 0.052884615384615384 0.03132530120481928
0 0.08533653846153846 0.03493975903614458 0.04567307692307692 0.06506024096385542
2 0.07692307692307693 0.04216867469879518 0.1201923076923077 0.08433734939759036
2 0.7932692307692307 0.9385542168674699 0.25 0.1180722891566265
